[gd_scene load_steps=12 format=3 uid="uid://v2oxyxp07e0d"]

[ext_resource type="Texture2D" uid="uid://sdcljx8f5dhj" path="res://addons/cogito/Assets/hdris/kloofendal_48d_partly_cloudy_puresky_2k.hdr" id="1_d404f"]
[ext_resource type="PackedScene" uid="uid://kicjwmh02uwf" path="res://addons/cogito/PackedScenes/cogito_player.tscn" id="2_nf3v4"]
[ext_resource type="PackedScene" uid="uid://corr77k5qu3jp" path="res://addons/cogito/CogitoObjects/crystal.tscn" id="3_kk1bx"]
[ext_resource type="PackedScene" uid="uid://bivmnglewxkd0" path="res://scenes/base_map.tscn" id="4_nf3v4"]
[ext_resource type="PackedScene" uid="uid://cwwk4v040wrqb" path="res://scenes/enemy.tscn" id="5_kk1bx"]
[ext_resource type="PackedScene" uid="uid://d6btv338nqmo" path="res://scenes/tree_1.tscn" id="6_ei44f"]
[ext_resource type="PackedScene" uid="uid://c4dtwruxf4n8u" path="res://scenes/tree_2.tscn" id="7_2qjcw"]
[ext_resource type="PackedScene" uid="uid://cffnp1r0ggwhx" path="res://scenes/reactor_core.tscn" id="8_svl00"]

[sub_resource type="PanoramaSkyMaterial" id="PanoramaSkyMaterial_wpnhy"]
panorama = ExtResource("1_d404f")

[sub_resource type="Sky" id="Sky_0jn4n"]
sky_material = SubResource("PanoramaSkyMaterial_wpnhy")
radiance_size = 0

[sub_resource type="Environment" id="Environment_y5hvh"]
background_mode = 2
background_color = Color(0.447918, 0.775722, 1, 1)
background_energy_multiplier = 0.2
sky = SubResource("Sky_0jn4n")
ambient_light_source = 3
reflected_light_source = 2
ssr_enabled = true
ssao_enabled = true
ssil_enabled = true
sdfgi_enabled = true
fog_mode = 1
fog_light_color = Color(0.537246, 0.572091, 0.626846, 1)
fog_light_energy = 0.34
fog_sun_scatter = 0.05
fog_density = 1.0
volumetric_fog_enabled = true
volumetric_fog_density = 0.0051
volumetric_fog_emission = Color(0.687215, 0.687215, 0.687215, 1)
volumetric_fog_emission_energy = 5.0

[node name="TheDemoWorld" type="Node3D"]

[node name="WorldEnvironment" type="WorldEnvironment" parent="."]
environment = SubResource("Environment_y5hvh")

[node name="Map" type="Node3D" parent="."]

[node name="Base Map" parent="Map" instance=ExtResource("4_nf3v4")]

[node name="CogitoPlayer" parent="Map" instance=ExtResource("2_nf3v4")]
transform = Transform3D(1.77341, 0, 0, 0, 1.77341, 0, 0, 0, 1.77341, -0.313, 1.58753, -43.929)

[node name="Player_HUD" parent="Map/CogitoPlayer" index="16"]
metadata/_edit_use_anchors_ = true

[node name="PauseMenu" parent="Map/CogitoPlayer" index="17"]
metadata/_edit_use_anchors_ = true

[node name="Enemy" parent="Map" instance=ExtResource("5_kk1bx")]
transform = Transform3D(1, 0, 0, 0, 1, 0, 0, 0, 1, -39.934, 0.0065887, -0.0635867)

[node name="Ambience" parent="Map/Enemy/CharacterBody3D" index="2"]
transform = Transform3D(20, 0, 0, 0, 5.14, 0, 0, 0, 5.14, 0, 1.95456, 0)
volume_db = -18.261

[node name="Crystals" type="Node3D" parent="Map"]

[node name="Crystal" parent="Map/Crystals" instance=ExtResource("3_kk1bx")]
transform = Transform3D(1, 0, 0, 0, 1, 0, 0, 0, 1, -12.8162, 0.525131, 14.4922)

[node name="Crystal2" parent="Map/Crystals" instance=ExtResource("3_kk1bx")]
transform = Transform3D(1, 0, 0, 0, 1, 0, 0, 0, 1, -42.7924, 0.525129, 18.6526)

[node name="Crystal3" parent="Map/Crystals" instance=ExtResource("3_kk1bx")]
transform = Transform3D(1, 0, 0, 0, 1, 0, 0, 0, 1, -16.9257, 0.52513, -13.6561)

[node name="Trees" type="Node3D" parent="Map"]

[node name="Tree 1" parent="Map/Trees" instance=ExtResource("6_ei44f")]
transform = Transform3D(1, 0, 0, 0, 1, 0, 0, 0, 1, -71.9163, 0, -31.5709)

[node name="Tree 2" parent="Map/Trees" instance=ExtResource("7_2qjcw")]
transform = Transform3D(1, 0, 0, 0, 1, 0, 0, 0, 1, -70.0514, 0, -41.8229)

[node name="Tree 3" parent="Map/Trees" instance=ExtResource("6_ei44f")]
transform = Transform3D(1, 0, 0, 0, 1, 0, 0, 0, 1, -107.489, 0, 26.2225)

[node name="Tree 4" parent="Map/Trees" instance=ExtResource("6_ei44f")]
transform = Transform3D(1, 0, 0, 0, 1, 0, 0, 0, 1, -32.5737, 0, -44.5972)

[node name="Tree 5" parent="Map/Trees" instance=ExtResource("7_2qjcw")]
transform = Transform3D(1, 0, 0, 0, 1, 0, 0, 0, 1, -43.0903, 0, 31.5971)

[node name="Tree 6" parent="Map/Trees" instance=ExtResource("6_ei44f")]
transform = Transform3D(1, 0, 0, 0, 1, 0, 0, 0, 1, -51.1761, 0, 22.1721)

[node name="Tree 7" parent="Map/Trees" instance=ExtResource("6_ei44f")]
transform = Transform3D(1, 0, 0, 0, 1, 0, 0, 0, 1, -59.9158, 0, -54.5409)

[node name="Tree 8" parent="Map/Trees" instance=ExtResource("7_2qjcw")]
transform = Transform3D(1, 0, 0, 0, 1, 0, 0, 0, 1, -81.8016, 0, -35.6472)

[node name="Tree 9" parent="Map/Trees" instance=ExtResource("6_ei44f")]
transform = Transform3D(1, 0, 0, 0, 1, 0, 0, 0, 1, -39.5246, 0, -60.9131)

[node name="Tree 10" parent="Map/Trees" instance=ExtResource("7_2qjcw")]
transform = Transform3D(1, 0, 0, 0, 1, 0, 0, 0, 1, -37.832, 0, -73.648)

[node name="Tree 11" parent="Map/Trees" instance=ExtResource("6_ei44f")]
transform = Transform3D(1, 0, 0, 0, 1, 0, 0, 0, 1, -35.5029, 0, -31.6923)

[node name="Tree 12" parent="Map/Trees" instance=ExtResource("7_2qjcw")]
transform = Transform3D(1, 0, 0, 0, 1, 0, 0, 0, 1, -42.7507, 0, -85.7996)

[node name="Tree 13" parent="Map/Trees" instance=ExtResource("6_ei44f")]
transform = Transform3D(1, 0, 0, 0, 1, 0, 0, 0, 1, -35.456, 0, -15.878)

[node name="Tree 14" parent="Map/Trees" instance=ExtResource("6_ei44f")]
transform = Transform3D(1, 0, 0, 0, 1, 0, 0, 0, 1, -54.0159, 0, -23.8784)

[node name="Tree 15" parent="Map/Trees" instance=ExtResource("7_2qjcw")]
transform = Transform3D(1, 0, 0, 0, 1, 0, 0, 0, 1, -45.7946, 0, -17.6277)

[node name="Tree 16" parent="Map/Trees" instance=ExtResource("6_ei44f")]
transform = Transform3D(1, 0, 0, 0, 1, 0, 0, 0, 1, -54.016, 0, -8.064)

[node name="Tree 17" parent="Map/Trees" instance=ExtResource("6_ei44f")]
transform = Transform3D(1, 0, 0, 0, 1, 0, 0, 0, 1, -48.9638, 0, -46.9203)

[node name="Tree 18" parent="Map/Trees" instance=ExtResource("7_2qjcw")]
transform = Transform3D(1, 0, 0, 0, 1, 0, 0, 0, 1, -43.9469, 0, -40.6696)

[node name="Tree 19" parent="Map/Trees" instance=ExtResource("6_ei44f")]
transform = Transform3D(1, 0, 0, 0, 1, 0, 0, 0, 1, -48.9638, 0, -31.1064)

[node name="Tree 20" parent="Map/Trees" instance=ExtResource("7_2qjcw")]
transform = Transform3D(1, 0, 0, 0, 1, 0, 0, 0, 1, -58.0736, 0, -36.9827)

[node name="Tree 21" parent="Map/Trees" instance=ExtResource("6_ei44f")]
transform = Transform3D(1, 0, 0, 0, 1, 0, 0, 0, 1, -27.55, 0, 7.166)

[node name="Tree 22" parent="Map/Trees" instance=ExtResource("7_2qjcw")]
transform = Transform3D(1, 0, 0, 0, 1, 0, 0, 0, 1, -30.3397, 0, 33.3077)

[node name="Tree 23" parent="Map/Trees" instance=ExtResource("6_ei44f")]
transform = Transform3D(1, 0, 0, 0, 1, 0, 0, 0, 1, -27.5502, 0, 22.9799)

[node name="Tree 24" parent="Map/Trees" instance=ExtResource("6_ei44f")]
transform = Transform3D(1, 0, 0, 0, 1, 0, 0, 0, 1, -46.063, 0, 14.98)

[node name="Tree 25" parent="Map/Trees" instance=ExtResource("7_2qjcw")]
transform = Transform3D(1, 0, 0, 0, 1, 0, 0, 0, 1, -37.8419, 0, 21.2306)

[node name="Tree 26" parent="Map/Trees" instance=ExtResource("6_ei44f")]
transform = Transform3D(1, 0, 0, 0, 1, 0, 0, 0, 1, -56.1798, 0, 30.794)

[node name="Tree 27" parent="Map/Trees" instance=ExtResource("6_ei44f")]
transform = Transform3D(1, 0, 0, 0, 1, 0, 0, 0, 1, -41.0111, 0, -8.06202)

[node name="Tree 28" parent="Map/Trees" instance=ExtResource("7_2qjcw")]
transform = Transform3D(1, 0, 0, 0, 1, 0, 0, 0, 1, -29.9278, 0, -3.77882)

[node name="Tree 29" parent="Map/Trees" instance=ExtResource("6_ei44f")]
transform = Transform3D(1, 0, 0, 0, 1, 0, 0, 0, 1, -41.011, 0, 7.752)

[node name="Tree 30" parent="Map/Trees" instance=ExtResource("7_2qjcw")]
transform = Transform3D(1, 0, 0, 0, 1, 0, 0, 0, 1, -50.121, 0, 1.876)

[node name="Tree 31" parent="Map/Trees" instance=ExtResource("6_ei44f")]
transform = Transform3D(1, 0, 0, 0, 1, 0, 0, 0, 1, -39.6515, 0, -98.1216)

[node name="Tree 32" parent="Map/Trees" instance=ExtResource("7_2qjcw")]
transform = Transform3D(1, 0, 0, 0, 1, 0, 0, 0, 1, -44.6309, 0, -107.001)

[node name="Tree 33" parent="Map/Trees" instance=ExtResource("6_ei44f")]
transform = Transform3D(1, 0, 0, 0, 1, 0, 0, 0, 1, -40.0157, 0, -51.6479)

[node name="Tree 34" parent="Map/Trees" instance=ExtResource("6_ei44f")]
transform = Transform3D(1, 0, 0, 0, 1, 0, 0, 0, 1, -59.7528, 0, -78.0564)

[node name="Tree 35" parent="Map/Trees" instance=ExtResource("7_2qjcw")]
transform = Transform3D(1, 0, 0, 0, 1, 0, 0, 0, 1, -50.0357, 0, -57.9334)

[node name="Tree 36" parent="Map/Trees" instance=ExtResource("6_ei44f")]
transform = Transform3D(1, 0, 0, 0, 1, 0, 0, 0, 1, -58.4645, 0, -46.7818)

[node name="Tree 37" parent="Map/Trees" instance=ExtResource("6_ei44f")]
transform = Transform3D(1, 0, 0, 0, 1, 0, 0, 0, 1, -54.7006, 0, -101.098)

[node name="Tree 38" parent="Map/Trees" instance=ExtResource("7_2qjcw")]
transform = Transform3D(1, 0, 0, 0, 1, 0, 0, 0, 1, -49.6837, 0, -94.8474)

[node name="Tree 39" parent="Map/Trees" instance=ExtResource("6_ei44f")]
transform = Transform3D(1, 0, 0, 0, 1, 0, 0, 0, 1, -54.7006, 0, -85.2844)

[node name="Tree 40" parent="Map/Trees" instance=ExtResource("7_2qjcw")]
transform = Transform3D(1, 0, 0, 0, 1, 0, 0, 0, 1, -63.8107, 0, -91.1604)

[node name="Tree 41" parent="Map/Trees" instance=ExtResource("6_ei44f")]
transform = Transform3D(1, 0, 0, 0, 1, 0, 0, 0, 1, -76.7426, 0, -109.563)

[node name="Tree 42" parent="Map/Trees" instance=ExtResource("7_2qjcw")]
transform = Transform3D(1, 0, 0, 0, 1, 0, 0, 0, 1, -68.7294, 0, -103.312)

[node name="Tree 43" parent="Map/Trees" instance=ExtResource("6_ei44f")]
transform = Transform3D(1, 0, 0, 0, 1, 0, 0, 0, 1, -76.6957, 0, -93.7484)

[node name="Tree 44" parent="Map/Trees" instance=ExtResource("6_ei44f")]
transform = Transform3D(1, 0, 0, 0, 1, 0, 0, 0, 1, -95.2556, 0, -101.749)

[node name="Tree 45" parent="Map/Trees" instance=ExtResource("7_2qjcw")]
transform = Transform3D(1, 0, 0, 0, 1, 0, 0, 0, 1, -87.0343, 0, -95.4981)

[node name="Tree 46" parent="Map/Trees" instance=ExtResource("6_ei44f")]
transform = Transform3D(1, 0, 0, 0, 1, 0, 0, 0, 1, -95.2557, 0, -85.9344)

[node name="Tree 47" parent="Map/Trees" instance=ExtResource("6_ei44f")]
transform = Transform3D(1, 0, 0, 0, 1, 0, 0, 0, 1, -90.2035, 0, -124.791)

[node name="Tree 48" parent="Map/Trees" instance=ExtResource("7_2qjcw")]
transform = Transform3D(1, 0, 0, 0, 1, 0, 0, 0, 1, -85.1866, 0, -118.54)

[node name="Tree 49" parent="Map/Trees" instance=ExtResource("6_ei44f")]
transform = Transform3D(1, 0, 0, 0, 1, 0, 0, 0, 1, -90.2035, 0, -108.977)

[node name="Tree 50" parent="Map/Trees" instance=ExtResource("7_2qjcw")]
transform = Transform3D(1, 0, 0, 0, 1, 0, 0, 0, 1, -99.3133, 0, -114.853)

[node name="Tree 51" parent="Map/Trees" instance=ExtResource("6_ei44f")]
transform = Transform3D(1, 0, 0, 0, 1, 0, 0, 0, 1, -68.7897, 0, -70.7044)

[node name="Tree 52" parent="Map/Trees" instance=ExtResource("7_2qjcw")]
transform = Transform3D(1, 0, 0, 0, 1, 0, 0, 0, 1, -60.7767, 0, -64.4534)

[node name="Tree 53" parent="Map/Trees" instance=ExtResource("6_ei44f")]
transform = Transform3D(1, 0, 0, 0, 1, 0, 0, 0, 1, -68.7899, 0, -54.8905)

[node name="Tree 54" parent="Map/Trees" instance=ExtResource("6_ei44f")]
transform = Transform3D(1, 0, 0, 0, 1, 0, 0, 0, 1, -87.3027, 0, -62.8904)

[node name="Tree 55" parent="Map/Trees" instance=ExtResource("7_2qjcw")]
transform = Transform3D(1, 0, 0, 0, 1, 0, 0, 0, 1, -79.0816, 0, -56.6398)

[node name="Tree 56" parent="Map/Trees" instance=ExtResource("6_ei44f")]
transform = Transform3D(1, 0, 0, 0, 1, 0, 0, 0, 1, -87.3027, 0, -47.0764)

[node name="Tree 57" parent="Map/Trees" instance=ExtResource("6_ei44f")]
transform = Transform3D(1, 0, 0, 0, 1, 0, 0, 0, 1, -82.2508, 0, -85.9324)

[node name="Tree 58" parent="Map/Trees" instance=ExtResource("7_2qjcw")]
transform = Transform3D(1, 0, 0, 0, 1, 0, 0, 0, 1, -71.1675, 0, -81.6492)

[node name="Tree 59" parent="Map/Trees" instance=ExtResource("6_ei44f")]
transform = Transform3D(1, 0, 0, 0, 1, 0, 0, 0, 1, -82.2507, 0, -70.1184)

[node name="Tree 60" parent="Map/Trees" instance=ExtResource("7_2qjcw")]
transform = Transform3D(1, 0, 0, 0, 1, 0, 0, 0, 1, -91.3607, 0, -75.9944)

[node name="Tree 61" parent="Map/Trees" instance=ExtResource("7_2qjcw")]
transform = Transform3D(1, 0, 0, 0, 1, 0, 0, 0, 1, -61.4551, 0, 21.813)

[node name="Tree 62" parent="Map/Trees" instance=ExtResource("6_ei44f")]
transform = Transform3D(1, 0, 0, 0, 1, 0, 0, 0, 1, -69.8839, 0, 32.9646)

[node name="Tree 63" parent="Map/Trees" instance=ExtResource("6_ei44f")]
transform = Transform3D(1, 0, 0, 0, 1, 0, 0, 0, 1, -66.12, 0, -21.352)

[node name="Tree 64" parent="Map/Trees" instance=ExtResource("7_2qjcw")]
transform = Transform3D(1, 0, 0, 0, 1, 0, 0, 0, 1, -61.1031, 0, -15.101)

[node name="Tree 65" parent="Map/Trees" instance=ExtResource("6_ei44f")]
transform = Transform3D(1, 0, 0, 0, 1, 0, 0, 0, 1, -66.12, 0, -5.53804)

[node name="Tree 66" parent="Map/Trees" instance=ExtResource("7_2qjcw")]
transform = Transform3D(1, 0, 0, 0, 1, 0, 0, 0, 1, -75.2301, 0, -11.414)

[node name="Tree 67" parent="Map/Trees" instance=ExtResource("6_ei44f")]
transform = Transform3D(1, 0, 0, 0, 1, 0, 0, 0, 1, -88.162, 0, -29.8163)

[node name="Tree 68" parent="Map/Trees" instance=ExtResource("7_2qjcw")]
transform = Transform3D(1, 0, 0, 0, 1, 0, 0, 0, 1, -80.1488, 0, -23.5656)

[node name="Tree 69" parent="Map/Trees" instance=ExtResource("6_ei44f")]
transform = Transform3D(1, 0, 0, 0, 1, 0, 0, 0, 1, -88.1151, 0, -14.002)

[node name="Tree 70" parent="Map/Trees" instance=ExtResource("6_ei44f")]
transform = Transform3D(1, 0, 0, 0, 1, 0, 0, 0, 1, -106.675, 0, -22.0024)

[node name="Tree 71" parent="Map/Trees" instance=ExtResource("7_2qjcw")]
transform = Transform3D(1, 0, 0, 0, 1, 0, 0, 0, 1, -98.4537, 0, -15.7517)

[node name="Tree 72" parent="Map/Trees" instance=ExtResource("6_ei44f")]
transform = Transform3D(1, 0, 0, 0, 1, 0, 0, 0, 1, -106.675, 0, -6.188)

[node name="Tree 73" parent="Map/Trees" instance=ExtResource("6_ei44f")]
transform = Transform3D(1, 0, 0, 0, 1, 0, 0, 0, 1, -100.251, 0, -50.3599)

[node name="Tree 74" parent="Map/Trees" instance=ExtResource("7_2qjcw")]
transform = Transform3D(1, 0, 0, 0, 1, 0, 0, 0, 1, -96.606, 0, -38.7936)

[node name="Tree 75" parent="Map/Trees" instance=ExtResource("6_ei44f")]
transform = Transform3D(1, 0, 0, 0, 1, 0, 0, 0, 1, -101.623, 0, -29.2304)

[node name="Tree 76" parent="Map/Trees" instance=ExtResource("7_2qjcw")]
transform = Transform3D(1, 0, 0, 0, 1, 0, 0, 0, 1, -99.9303, 0, -64.5998)

[node name="Tree 77" parent="Map/Trees" instance=ExtResource("6_ei44f")]
transform = Transform3D(1, 0, 0, 0, 1, 0, 0, 0, 1, -80.2091, 0, 9.042)

[node name="Tree 78" parent="Map/Trees" instance=ExtResource("7_2qjcw")]
transform = Transform3D(1, 0, 0, 0, 1, 0, 0, 0, 1, -72.1961, 0, 15.293)

[node name="Tree 79" parent="Map/Trees" instance=ExtResource("6_ei44f")]
transform = Transform3D(1, 0, 0, 0, 1, 0, 0, 0, 1, -80.2093, 0, 24.8559)

[node name="Tree 80" parent="Map/Trees" instance=ExtResource("6_ei44f")]
transform = Transform3D(1, 0, 0, 0, 1, 0, 0, 0, 1, -98.7221, 0, 16.856)

[node name="Tree 81" parent="Map/Trees" instance=ExtResource("7_2qjcw")]
transform = Transform3D(1, 0, 0, 0, 1, 0, 0, 0, 1, -90.501, 0, 23.1066)

[node name="Tree 82" parent="Map/Trees" instance=ExtResource("6_ei44f")]
transform = Transform3D(1, 0, 0, 0, 1, 0, 0, 0, 1, -98.7221, 0, 32.67)

[node name="Tree 83" parent="Map/Trees" instance=ExtResource("6_ei44f")]
transform = Transform3D(1, 0, 0, 0, 1, 0, 0, 0, 1, -93.6702, 0, -6.18602)

[node name="Tree 84" parent="Map/Trees" instance=ExtResource("7_2qjcw")]
transform = Transform3D(1, 0, 0, 0, 1, 0, 0, 0, 1, -82.5869, 0, -1.90282)

[node name="Tree 85" parent="Map/Trees" instance=ExtResource("6_ei44f")]
transform = Transform3D(1, 0, 0, 0, 1, 0, 0, 0, 1, -93.6701, 0, 9.628)

[node name="Tree 86" parent="Map/Trees" instance=ExtResource("7_2qjcw")]
transform = Transform3D(1, 0, 0, 0, 1, 0, 0, 0, 1, -102.78, 0, 3.752)

[node name="Tree 87" parent="Map/Trees" instance=ExtResource("7_2qjcw")]
transform = Transform3D(1, 0, 0, 0, 1, 0, 0, 0, 1, -57.3956, 0, 10.5026)

[node name="Tree 88" parent="Map/Trees" instance=ExtResource("7_2qjcw")]
transform = Transform3D(1, 0, 0, 0, 1, 0, 0, 0, 1, -66.9296, 0, 3.752)

[node name="Tree 89" parent="Map/Trees" instance=ExtResource("6_ei44f")]
transform = Transform3D(1, 0, 0, 0, 1, 0, 0, 0, 1, -55.57, 0, -119.609)

[node name="Tree 90" parent="Map/Trees" instance=ExtResource("7_2qjcw")]
transform = Transform3D(1, 0, 0, 0, 1, 0, 0, 0, 1, -45.0315, 0, -118.247)

[node name="Tree 91" parent="Map/Trees" instance=ExtResource("6_ei44f")]
transform = Transform3D(1, 0, 0, 0, 1, 0, 0, 0, 1, -70.6191, 0, -122.585)

[node name="Tree 92" parent="Map/Trees" instance=ExtResource("7_2qjcw")]
transform = Transform3D(1, 0, 0, 0, 1, 0, 0, 0, 1, -65.6022, 0, -116.335)

[node name="Tree 93" parent="Map/Trees" instance=ExtResource("6_ei44f")]
transform = Transform3D(1, 0, 0, 0, 1, 0, 0, 0, 1, -48.7676, 0, -70.1656)

[node name="Tree 94" parent="Map/Trees" instance=ExtResource("6_ei44f")]
transform = Transform3D(0.705797, 0, 0.708414, 0, 1, 0, -0.708414, 0, 0.705797, -15.2484, 0, 164.462)

[node name="Tree 95" parent="Map/Trees" instance=ExtResource("7_2qjcw")]
transform = Transform3D(0.705797, 0, 0.708414, 0, 1, 0, -0.708414, 0, 0.705797, -21.1948, 0, 155.905)

[node name="Tree 96" parent="Map/Trees" instance=ExtResource("6_ei44f")]
transform = Transform3D(0.705797, 0, 0.708414, 0, 1, 0, -0.708414, 0, 0.705797, 0.58625, 0, 230.453)

[node name="Tree 97" parent="Map/Trees" instance=ExtResource("6_ei44f")]
transform = Transform3D(0.705797, 0, 0.708414, 0, 1, 0, -0.708414, 0, 0.705797, 3.29152, 0, 127.397)

[node name="Tree 98" parent="Map/Trees" instance=ExtResource("7_2qjcw")]
transform = Transform3D(0.705797, 0, 0.708414, 0, 1, 0, -0.708414, 0, 0.705797, 49.846, 0, 188.625)

[node name="Tree 99" parent="Map/Trees" instance=ExtResource("6_ei44f")]
transform = Transform3D(0.705797, 0, 0.708414, 0, 1, 0, -0.708414, 0, 0.705797, 37.4623, 0, 187.701)

[node name="Tree 100" parent="Map/Trees" instance=ExtResource("6_ei44f")]
transform = Transform3D(0.705797, 0, 0.708414, 0, 1, 0, -0.708414, 0, 0.705797, -23.0507, 0, 139.749)

[node name="Tree 101" parent="Map/Trees" instance=ExtResource("7_2qjcw")]
transform = Transform3D(0.705797, 0, 0.708414, 0, 1, 0, -0.708414, 0, 0.705797, -25.113, 0, 168.588)

[node name="Tree 102" parent="Map/Trees" instance=ExtResource("6_ei44f")]
transform = Transform3D(0.705797, 0, 0.708414, 0, 1, 0, -0.708414, 0, 0.705797, -13.1728, 0, 120.806)

[node name="Tree 103" parent="Map/Trees" instance=ExtResource("7_2qjcw")]
transform = Transform3D(0.705797, 0, 0.708414, 0, 1, 0, -0.708414, 0, 0.705797, -20.9997, 0, 110.618)

[node name="Tree 104" parent="Map/Trees" instance=ExtResource("6_ei44f")]
transform = Transform3D(0.705797, 0, 0.708414, 0, 1, 0, -0.708414, 0, 0.705797, 10.3661, 0, 138.581)

[node name="Tree 105" parent="Map/Trees" instance=ExtResource("7_2qjcw")]
transform = Transform3D(0.705797, 0, 0.708414, 0, 1, 0, -0.708414, 0, 0.705797, -33.0797, 0, 105.526)

[node name="Tree 106" parent="Map/Trees" instance=ExtResource("6_ei44f")]
transform = Transform3D(0.705797, 0, 0.708414, 0, 1, 0, -0.708414, 0, 0.705797, 21.6023, 0, 149.709)

[node name="Tree 107" parent="Map/Trees" instance=ExtResource("6_ei44f")]
transform = Transform3D(0.705797, 0, 0.708414, 0, 1, 0, -0.708414, 0, 0.705797, 2.83518, 0, 157.21)

[node name="Tree 108" parent="Map/Trees" instance=ExtResource("7_2qjcw")]
transform = Transform3D(0.705797, 0, 0.708414, 0, 1, 0, -0.708414, 0, 0.705797, 13.0658, 0, 155.798)

[node name="Tree 109" parent="Map/Trees" instance=ExtResource("6_ei44f")]
transform = Transform3D(0.705797, 0, 0.708414, 0, 1, 0, -0.708414, 0, 0.705797, 14.0382, 0, 168.372)

[node name="Tree 110" parent="Map/Trees" instance=ExtResource("6_ei44f")]
transform = Transform3D(0.705797, 0, 0.708414, 0, 1, 0, -0.708414, 0, 0.705797, -9.92227, 0, 137.369)

[node name="Tree 111" parent="Map/Trees" instance=ExtResource("7_2qjcw")]
transform = Transform3D(0.705797, 0, 0.708414, 0, 1, 0, -0.708414, 0, 0.705797, -1.95327, 0, 138.226)

[node name="Tree 112" parent="Map/Trees" instance=ExtResource("6_ei44f")]
transform = Transform3D(0.705797, 0, 0.708414, 0, 1, 0, -0.708414, 0, 0.705797, 1.28052, 0, 148.53)

[node name="Tree 113" parent="Map/Trees" instance=ExtResource("7_2qjcw")]
transform = Transform3D(0.705797, 0, 0.708414, 0, 1, 0, -0.708414, 0, 0.705797, -9.312, 0, 150.836)

[node name="Tree 114" parent="Map/Trees" instance=ExtResource("6_ei44f")]
transform = Transform3D(0.705797, 0, 0.708414, 0, 1, 0, -0.708414, 0, 0.705797, 43.507, 0, 160.373)

[node name="Tree 115" parent="Map/Trees" instance=ExtResource("7_2qjcw")]
transform = Transform3D(0.705797, 0, 0.708414, 0, 1, 0, -0.708414, 0, 0.705797, 60.0572, 0, 180.8)

[node name="Tree 116" parent="Map/Trees" instance=ExtResource("6_ei44f")]
transform = Transform3D(0.705797, 0, 0.708414, 0, 1, 0, -0.708414, 0, 0.705797, 54.7097, 0, 171.534)

[node name="Tree 117" parent="Map/Trees" instance=ExtResource("6_ei44f")]
transform = Transform3D(0.705797, 0, 0.708414, 0, 1, 0, -0.708414, 0, 0.705797, 35.9761, 0, 179.003)

[node name="Tree 118" parent="Map/Trees" instance=ExtResource("7_2qjcw")]
transform = Transform3D(0.705797, 0, 0.708414, 0, 1, 0, -0.708414, 0, 0.705797, 46.2066, 0, 177.59)

[node name="Tree 119" parent="Map/Trees" instance=ExtResource("6_ei44f")]
transform = Transform3D(0.705797, 0, 0.708414, 0, 1, 0, -0.708414, 0, 0.705797, 40.0386, 0, 197.331)

[node name="Tree 120" parent="Map/Trees" instance=ExtResource("6_ei44f")]
transform = Transform3D(0.705797, 0, 0.708414, 0, 1, 0, -0.708414, 0, 0.705797, 23.2185, 0, 159.161)

[node name="Tree 121" parent="Map/Trees" instance=ExtResource("7_2qjcw")]
transform = Transform3D(0.705797, 0, 0.708414, 0, 1, 0, -0.708414, 0, 0.705797, 34.0753, 0, 154.332)

[node name="Tree 122" parent="Map/Trees" instance=ExtResource("6_ei44f")]
transform = Transform3D(0.705797, 0, 0.708414, 0, 1, 0, -0.708414, 0, 0.705797, 34.4214, 0, 170.322)

[node name="Tree 123" parent="Map/Trees" instance=ExtResource("7_2qjcw")]
transform = Transform3D(0.705797, 0, 0.708414, 0, 1, 0, -0.708414, 0, 0.705797, 23.829, 0, 172.629)

[node name="Tree 124" parent="Map/Trees" instance=ExtResource("6_ei44f")]
transform = Transform3D(0.705797, 0, 0.708414, 0, 1, 0, -0.708414, 0, 0.705797, -39.6214, 0, 94.6339)

[node name="Tree 125" parent="Map/Trees" instance=ExtResource("7_2qjcw")]
transform = Transform3D(0.705797, 0, 0.708414, 0, 1, 0, -0.708414, 0, 0.705797, -49.4261, 0, 91.8943)

[node name="Tree 126" parent="Map/Trees" instance=ExtResource("6_ei44f")]
transform = Transform3D(0.705797, 0, 0.708414, 0, 1, 0, -0.708414, 0, 0.705797, -6.95581, 0, 127.693)

[node name="Tree 127" parent="Map/Trees" instance=ExtResource("6_ei44f")]
transform = Transform3D(0.705797, 0, 0.708414, 0, 1, 0, -0.708414, 0, 0.705797, -39.5944, 0, 123.036)

[node name="Tree 128" parent="Map/Trees" instance=ExtResource("7_2qjcw")]
transform = Transform3D(0.705797, 0, 0.708414, 0, 1, 0, -0.708414, 0, 0.705797, -18.4806, 0, 130.355)

[node name="Tree 129" parent="Map/Trees" instance=ExtResource("6_ei44f")]
transform = Transform3D(0.705797, 0, 0.708414, 0, 1, 0, -0.708414, 0, 0.705797, -16.5297, 0, 144.197)

[node name="Tree 130" parent="Map/Trees" instance=ExtResource("6_ei44f")]
transform = Transform3D(0.705797, 0, 0.708414, 0, 1, 0, -0.708414, 0, 0.705797, -52.3515, 0, 103.194)

[node name="Tree 131" parent="Map/Trees" instance=ExtResource("7_2qjcw")]
transform = Transform3D(0.705797, 0, 0.708414, 0, 1, 0, -0.708414, 0, 0.705797, -44.3826, 0, 104.052)

[node name="Tree 132" parent="Map/Trees" instance=ExtResource("6_ei44f")]
transform = Transform3D(0.705797, 0, 0.708414, 0, 1, 0, -0.708414, 0, 0.705797, -41.1489, 0, 114.355)

[node name="Tree 133" parent="Map/Trees" instance=ExtResource("7_2qjcw")]
transform = Transform3D(0.705797, 0, 0.708414, 0, 1, 0, -0.708414, 0, 0.705797, -51.7415, 0, 116.662)

[node name="Tree 134" parent="Map/Trees" instance=ExtResource("6_ei44f")]
transform = Transform3D(0.705797, 0, 0.708414, 0, 1, 0, -0.708414, 0, 0.705797, -73.9054, 0, 112.834)

[node name="Tree 135" parent="Map/Trees" instance=ExtResource("7_2qjcw")]
transform = Transform3D(0.705797, 0, 0.708414, 0, 1, 0, -0.708414, 0, 0.705797, -63.8214, 0, 111.57)

[node name="Tree 136" parent="Map/Trees" instance=ExtResource("6_ei44f")]
transform = Transform3D(0.705797, 0, 0.708414, 0, 1, 0, -0.708414, 0, 0.705797, -62.669, 0, 123.963)

[node name="Tree 137" parent="Map/Trees" instance=ExtResource("6_ei44f")]
transform = Transform3D(0.705797, 0, 0.708414, 0, 1, 0, -0.708414, 0, 0.705797, -81.4363, 0, 131.464)

[node name="Tree 138" parent="Map/Trees" instance=ExtResource("7_2qjcw")]
transform = Transform3D(0.705797, 0, 0.708414, 0, 1, 0, -0.708414, 0, 0.705797, -71.2055, 0, 130.052)

[node name="Tree 139" parent="Map/Trees" instance=ExtResource("6_ei44f")]
transform = Transform3D(0.705797, 0, 0.708414, 0, 1, 0, -0.708414, 0, 0.705797, -70.2331, 0, 142.626)

[node name="Tree 140" parent="Map/Trees" instance=ExtResource("6_ei44f")]
transform = Transform3D(0.705797, 0, 0.708414, 0, 1, 0, -0.708414, 0, 0.705797, -94.1938, 0, 111.622)

[node name="Tree 141" parent="Map/Trees" instance=ExtResource("7_2qjcw")]
transform = Transform3D(0.705797, 0, 0.708414, 0, 1, 0, -0.708414, 0, 0.705797, -86.2246, 0, 112.48)

[node name="Tree 142" parent="Map/Trees" instance=ExtResource("6_ei44f")]
transform = Transform3D(0.705797, 0, 0.708414, 0, 1, 0, -0.708414, 0, 0.705797, -82.991, 0, 122.784)

[node name="Tree 143" parent="Map/Trees" instance=ExtResource("7_2qjcw")]
transform = Transform3D(0.705797, 0, 0.708414, 0, 1, 0, -0.708414, 0, 0.705797, -93.5833, 0, 125.09)

[node name="Tree 144" parent="Map/Trees" instance=ExtResource("6_ei44f")]
transform = Transform3D(0.705797, 0, 0.708414, 0, 1, 0, -0.708414, 0, 0.705797, -40.7643, 0, 134.627)

[node name="Tree 145" parent="Map/Trees" instance=ExtResource("7_2qjcw")]
transform = Transform3D(0.705797, 0, 0.708414, 0, 1, 0, -0.708414, 0, 0.705797, -30.6805, 0, 133.362)

[node name="Tree 146" parent="Map/Trees" instance=ExtResource("6_ei44f")]
transform = Transform3D(0.705797, 0, 0.708414, 0, 1, 0, -0.708414, 0, 0.705797, -29.5617, 0, 145.788)

[node name="Tree 147" parent="Map/Trees" instance=ExtResource("6_ei44f")]
transform = Transform3D(0.705797, 0, 0.708414, 0, 1, 0, -0.708414, 0, 0.705797, -48.2952, 0, 153.257)

[node name="Tree 148" parent="Map/Trees" instance=ExtResource("7_2qjcw")]
transform = Transform3D(0.705797, 0, 0.708414, 0, 1, 0, -0.708414, 0, 0.705797, -38.0648, 0, 151.844)

[node name="Tree 149" parent="Map/Trees" instance=ExtResource("6_ei44f")]
transform = Transform3D(0.705797, 0, 0.708414, 0, 1, 0, -0.708414, 0, 0.705797, -37.0923, 0, 164.418)

[node name="Tree 150" parent="Map/Trees" instance=ExtResource("6_ei44f")]
transform = Transform3D(0.705797, 0, 0.708414, 0, 1, 0, -0.708414, 0, 0.705797, -61.0529, 0, 133.415)

[node name="Tree 151" parent="Map/Trees" instance=ExtResource("7_2qjcw")]
transform = Transform3D(0.705797, 0, 0.708414, 0, 1, 0, -0.708414, 0, 0.705797, -50.196, 0, 128.586)

[node name="Tree 152" parent="Map/Trees" instance=ExtResource("6_ei44f")]
transform = Transform3D(0.705797, 0, 0.708414, 0, 1, 0, -0.708414, 0, 0.705797, -49.8499, 0, 144.576)

[node name="Tree 153" parent="Map/Trees" instance=ExtResource("7_2qjcw")]
transform = Transform3D(0.705797, 0, 0.708414, 0, 1, 0, -0.708414, 0, 0.705797, -60.4424, 0, 146.883)

[node name="Tree 154" parent="Map/Trees" instance=ExtResource("7_2qjcw")]
transform = Transform3D(0.705797, 0, 0.708414, 0, 1, 0, -0.708414, 0, 0.705797, 29.953, 0, 194.729)

[node name="Tree 155" parent="Map/Trees" instance=ExtResource("6_ei44f")]
transform = Transform3D(0.705797, 0, 0.708414, 0, 1, 0, -0.708414, 0, 0.705797, 31.9039, 0, 208.571)

[node name="Tree 156" parent="Map/Trees" instance=ExtResource("6_ei44f")]
transform = Transform3D(0.705797, 0, 0.708414, 0, 1, 0, -0.708414, 0, 0.705797, -3.91814, 0, 167.568)

[node name="Tree 157" parent="Map/Trees" instance=ExtResource("7_2qjcw")]
transform = Transform3D(0.705797, 0, 0.708414, 0, 1, 0, -0.708414, 0, 0.705797, 4.05108, 0, 168.426)

[node name="Tree 158" parent="Map/Trees" instance=ExtResource("6_ei44f")]
transform = Transform3D(0.705797, 0, 0.708414, 0, 1, 0, -0.708414, 0, 0.705797, 7.28469, 0, 178.73)

[node name="Tree 159" parent="Map/Trees" instance=ExtResource("7_2qjcw")]
transform = Transform3D(0.705797, 0, 0.708414, 0, 1, 0, -0.708414, 0, 0.705797, -3.3078, 0, 181.036)

[node name="Tree 160" parent="Map/Trees" instance=ExtResource("6_ei44f")]
transform = Transform3D(0.705797, 0, 0.708414, 0, 1, 0, -0.708414, 0, 0.705797, -25.4715, 0, 177.209)

[node name="Tree 161" parent="Map/Trees" instance=ExtResource("7_2qjcw")]
transform = Transform3D(0.705797, 0, 0.708414, 0, 1, 0, -0.708414, 0, 0.705797, -15.3878, 0, 175.944)

[node name="Tree 162" parent="Map/Trees" instance=ExtResource("6_ei44f")]
transform = Transform3D(0.705797, 0, 0.708414, 0, 1, 0, -0.708414, 0, 0.705797, -14.2354, 0, 188.338)

[node name="Tree 163" parent="Map/Trees" instance=ExtResource("6_ei44f")]
transform = Transform3D(0.705797, 0, 0.708414, 0, 1, 0, -0.708414, 0, 0.705797, -33.0025, 0, 195.839)

[node name="Tree 164" parent="Map/Trees" instance=ExtResource("7_2qjcw")]
transform = Transform3D(0.705797, 0, 0.708414, 0, 1, 0, -0.708414, 0, 0.705797, -22.7718, 0, 194.427)

[node name="Tree 165" parent="Map/Trees" instance=ExtResource("6_ei44f")]
transform = Transform3D(0.705797, 0, 0.708414, 0, 1, 0, -0.708414, 0, 0.705797, -21.7994, 0, 207.001)

[node name="Tree 166" parent="Map/Trees" instance=ExtResource("6_ei44f")]
transform = Transform3D(0.705797, 0, 0.708414, 0, 1, 0, -0.708414, 0, 0.705797, -48.5575, 0, 171.274)

[node name="Tree 167" parent="Map/Trees" instance=ExtResource("7_2qjcw")]
transform = Transform3D(0.705797, 0, 0.708414, 0, 1, 0, -0.708414, 0, 0.705797, -37.7909, 0, 176.855)

[node name="Tree 168" parent="Map/Trees" instance=ExtResource("6_ei44f")]
transform = Transform3D(0.705797, 0, 0.708414, 0, 1, 0, -0.708414, 0, 0.705797, -34.5572, 0, 187.159)

[node name="Tree 169" parent="Map/Trees" instance=ExtResource("7_2qjcw")]
transform = Transform3D(0.705797, 0, 0.708414, 0, 1, 0, -0.708414, 0, 0.705797, -58.4187, 0, 160.996)

[node name="Tree 170" parent="Map/Trees" instance=ExtResource("6_ei44f")]
transform = Transform3D(0.705797, 0, 0.708414, 0, 1, 0, -0.708414, 0, 0.705797, 7.66935, 0, 199.001)

[node name="Tree 171" parent="Map/Trees" instance=ExtResource("7_2qjcw")]
transform = Transform3D(0.705797, 0, 0.708414, 0, 1, 0, -0.708414, 0, 0.705797, 17.7532, 0, 197.737)

[node name="Tree 172" parent="Map/Trees" instance=ExtResource("6_ei44f")]
transform = Transform3D(0.705797, 0, 0.708414, 0, 1, 0, -0.708414, 0, 0.705797, 18.872, 0, 210.163)

[node name="Tree 173" parent="Map/Trees" instance=ExtResource("6_ei44f")]
transform = Transform3D(0.705797, 0, 0.708414, 0, 1, 0, -0.708414, 0, 0.705797, 0.138477, 0, 217.631)

[node name="Tree 174" parent="Map/Trees" instance=ExtResource("7_2qjcw")]
transform = Transform3D(0.705797, 0, 0.708414, 0, 1, 0, -0.708414, 0, 0.705797, 10.3689, 0, 216.219)

[node name="Tree 175" parent="Map/Trees" instance=ExtResource("6_ei44f")]
transform = Transform3D(0.705797, 0, 0.708414, 0, 1, 0, -0.708414, 0, 0.705797, 11.3413, 0, 228.793)

[node name="Tree 176" parent="Map/Trees" instance=ExtResource("6_ei44f")]
transform = Transform3D(0.705797, 0, 0.708414, 0, 1, 0, -0.708414, 0, 0.705797, -12.6192, 0, 197.789)

[node name="Tree 177" parent="Map/Trees" instance=ExtResource("7_2qjcw")]
transform = Transform3D(0.705797, 0, 0.708414, 0, 1, 0, -0.708414, 0, 0.705797, -1.76235, 0, 192.961)

[node name="Tree 178" parent="Map/Trees" instance=ExtResource("6_ei44f")]
transform = Transform3D(0.705797, 0, 0.708414, 0, 1, 0, -0.708414, 0, 0.705797, -1.41626, 0, 208.951)

[node name="Tree 179" parent="Map/Trees" instance=ExtResource("7_2qjcw")]
transform = Transform3D(0.705797, 0, 0.708414, 0, 1, 0, -0.708414, 0, 0.705797, -12.0086, 0, 211.257)

[node name="Tree 180" parent="Map/Trees" instance=ExtResource("7_2qjcw")]
transform = Transform3D(0.705797, 0, 0.708414, 0, 1, 0, -0.708414, 0, 0.705797, 24.8058, 0, 183.871)

[node name="Tree 181" parent="Map/Trees" instance=ExtResource("7_2qjcw")]
transform = Transform3D(0.705797, 0, 0.708414, 0, 1, 0, -0.708414, 0, 0.705797, 13.2945, 0, 185.86)

[node name="Tree 182" parent="Map/Trees" instance=ExtResource("6_ei44f")]
transform = Transform3D(0.705797, 0, 0.708414, 0, 1, 0, -0.708414, 0, 0.705797, -66.0784, 0, 90.7452)

[node name="Tree 183" parent="Map/Trees" instance=ExtResource("7_2qjcw")]
transform = Transform3D(0.705797, 0, 0.708414, 0, 1, 0, -0.708414, 0, 0.705797, -57.6757, 0, 84.2407)

[node name="Tree 184" parent="Map/Trees" instance=ExtResource("6_ei44f")]
transform = Transform3D(0.705797, 0, 0.708414, 0, 1, 0, -0.708414, 0, 0.705797, -78.8085, 0, 99.3055)

[node name="Tree 185" parent="Map/Trees" instance=ExtResource("7_2qjcw")]
transform = Transform3D(0.705797, 0, 0.708414, 0, 1, 0, -0.708414, 0, 0.705797, -70.8396, 0, 100.163)

[node name="Tree 186" parent="Map/Trees" instance=ExtResource("6_ei44f")]
transform = Transform3D(0.705797, 0, 0.708414, 0, 1, 0, -0.708414, 0, 0.705797, -26.2511, 0, 120.823)

[node name="Tree 187" parent="Map/Trees" instance=ExtResource("6_ei44f")]
transform = Transform3D(0.896293, 0, 0.443462, 0, 1, 0, -0.443462, 0, 0.896293, 95.8718, 0, 12.7722)

[node name="Tree 188" parent="Map/Trees" instance=ExtResource("7_2qjcw")]
transform = Transform3D(0.896293, 0, 0.443462, 0, 1, 0, -0.443462, 0, 0.896293, 92.997, 0, 2.75642)

[node name="Tree 189" parent="Map/Trees" instance=ExtResource("6_ei44f")]
transform = Transform3D(0.896293, 0, 0.443462, 0, 1, 0, -0.443462, 0, 0.896293, 89.6176, 0, 80.3472)

[node name="Tree 190" parent="Map/Trees" instance=ExtResource("6_ei44f")]
transform = Transform3D(0.896293, 0, 0.443462, 0, 1, 0, -0.443462, 0, 0.896293, 125.358, 0, -16.3501)

[node name="Tree 191" parent="Map/Trees" instance=ExtResource("7_2qjcw")]
transform = Transform3D(0.896293, 0, 0.443462, 0, 1, 0, -0.443462, 0, 0.896293, 149.721, 0, 56.606)

[node name="Tree 192" parent="Map/Trees" instance=ExtResource("6_ei44f")]
transform = Transform3D(0.896293, 0, 0.443462, 0, 1, 0, -0.443462, 0, 0.896293, 138.294, 0, 51.7442)

[node name="Tree 193" parent="Map/Trees" instance=ExtResource("6_ei44f")]
transform = Transform3D(0.896293, 0, 0.443462, 0, 1, 0, -0.443462, 0, 0.896293, 96.4415, 0, -13.1374)

[node name="Tree 194" parent="Map/Trees" instance=ExtResource("7_2qjcw")]
transform = Transform3D(0.896293, 0, 0.443462, 0, 1, 0, -0.443462, 0, 0.896293, 85.2041, 0, 13.5025)

[node name="Tree 195" parent="Map/Trees" instance=ExtResource("6_ei44f")]
transform = Transform3D(0.896293, 0, 0.443462, 0, 1, 0, -0.443462, 0, 0.896293, 111.892, 0, -27.8915)

[node name="Tree 196" parent="Map/Trees" instance=ExtResource("7_2qjcw")]
transform = Transform3D(0.896293, 0, 0.443462, 0, 1, 0, -0.443462, 0, 0.896293, 107.762, 0, -40.0563)

[node name="Tree 197" parent="Map/Trees" instance=ExtResource("6_ei44f")]
transform = Transform3D(0.896293, 0, 0.443462, 0, 1, 0, -0.443462, 0, 0.896293, 128.455, 0, -3.48454)

[node name="Tree 198" parent="Map/Trees" instance=ExtResource("7_2qjcw")]
transform = Transform3D(0.896293, 0, 0.443462, 0, 1, 0, -0.443462, 0, 0.896293, 97.9645, 0, -48.7664)

[node name="Tree 199" parent="Map/Trees" instance=ExtResource("6_ei44f")]
transform = Transform3D(0.896293, 0, 0.443462, 0, 1, 0, -0.443462, 0, 0.896293, 135.51, 0, 10.6689)

[node name="Tree 200" parent="Map/Trees" instance=ExtResource("6_ei44f")]
transform = Transform3D(0.896293, 0, 0.443462, 0, 1, 0, -0.443462, 0, 0.896293, 115.327, 0, 11.7288)

[node name="Tree 201" parent="Map/Trees" instance=ExtResource("7_2qjcw")]
transform = Transform3D(0.896293, 0, 0.443462, 0, 1, 0, -0.443462, 0, 0.896293, 125.468, 0, 13.6854)

[node name="Tree 202" parent="Map/Trees" instance=ExtResource("6_ei44f")]
transform = Transform3D(0.896293, 0, 0.443462, 0, 1, 0, -0.443462, 0, 0.896293, 122.34, 0, 25.9032)

[node name="Tree 203" parent="Map/Trees" instance=ExtResource("6_ei44f")]
transform = Transform3D(0.896293, 0, 0.443462, 0, 1, 0, -0.443462, 0, 0.896293, 109.637, 0, -11.1639)

[node name="Tree 204" parent="Map/Trees" instance=ExtResource("7_2qjcw")]
transform = Transform3D(0.896293, 0, 0.443462, 0, 1, 0, -0.443462, 0, 0.896293, 116.906, 0, -7.78624)

[node name="Tree 205" parent="Map/Trees" instance=ExtResource("6_ei44f")]
transform = Transform3D(0.896293, 0, 0.443462, 0, 1, 0, -0.443462, 0, 0.896293, 116.65, 0, 3.01001)

[node name="Tree 206" parent="Map/Trees" instance=ExtResource("7_2qjcw")]
transform = Transform3D(0.896293, 0, 0.443462, 0, 1, 0, -0.443462, 0, 0.896293, 105.879, 0, 1.78297)

[node name="Tree 207" parent="Map/Trees" instance=ExtResource("6_ei44f")]
transform = Transform3D(0.896293, 0, 0.443462, 0, 1, 0, -0.443462, 0, 0.896293, 152.815, 0, 27.8171)

[node name="Tree 208" parent="Map/Trees" instance=ExtResource("7_2qjcw")]
transform = Transform3D(0.896293, 0, 0.443462, 0, 1, 0, -0.443462, 0, 0.896293, 161.908, 0, 52.4848)

[node name="Tree 209" parent="Map/Trees" instance=ExtResource("6_ei44f")]
transform = Transform3D(0.896293, 0, 0.443462, 0, 1, 0, -0.443462, 0, 0.896293, 159.828, 0, 41.991)

[node name="Tree 210" parent="Map/Trees" instance=ExtResource("6_ei44f")]
transform = Transform3D(0.896293, 0, 0.443462, 0, 1, 0, -0.443462, 0, 0.896293, 139.688, 0, 43.0305)

[node name="Tree 211" parent="Map/Trees" instance=ExtResource("7_2qjcw")]
transform = Transform3D(0.896293, 0, 0.443462, 0, 1, 0, -0.443462, 0, 0.896293, 149.828, 0, 44.9872)

[node name="Tree 212" parent="Map/Trees" instance=ExtResource("6_ei44f")]
transform = Transform3D(0.896293, 0, 0.443462, 0, 1, 0, -0.443462, 0, 0.896293, 137.633, 0, 61.6909)

[node name="Tree 213" parent="Map/Trees" instance=ExtResource("6_ei44f")]
transform = Transform3D(0.896293, 0, 0.443462, 0, 1, 0, -0.443462, 0, 0.896293, 133.997, 0, 20.1378)

[node name="Tree 214" parent="Map/Trees" instance=ExtResource("7_2qjcw")]
transform = Transform3D(0.896293, 0, 0.443462, 0, 1, 0, -0.443462, 0, 0.896293, 145.831, 0, 19.0618)

[node name="Tree 215" parent="Map/Trees" instance=ExtResource("6_ei44f")]
transform = Transform3D(0.896293, 0, 0.443462, 0, 1, 0, -0.443462, 0, 0.896293, 141.01, 0, 34.3118)

[node name="Tree 216" parent="Map/Trees" instance=ExtResource("7_2qjcw")]
transform = Transform3D(0.896293, 0, 0.443462, 0, 1, 0, -0.443462, 0, 0.896293, 130.239, 0, 33.0851)

[node name="Tree 217" parent="Map/Trees" instance=ExtResource("6_ei44f")]
transform = Transform3D(0.896293, 0, 0.443462, 0, 1, 0, -0.443462, 0, 0.896293, 95.2778, 0, -61.1849)

[node name="Tree 218" parent="Map/Trees" instance=ExtResource("7_2qjcw")]
transform = Transform3D(0.896293, 0, 0.443462, 0, 1, 0, -0.443462, 0, 0.896293, 86.8772, 0, -66.9353)

[node name="Tree 219" parent="Map/Trees" instance=ExtResource("6_ei44f")]
transform = Transform3D(0.896293, 0, 0.443462, 0, 1, 0, -0.443462, 0, 0.896293, 115.561, 0, -19.3693)

[node name="Tree 220" parent="Map/Trees" instance=ExtResource("6_ei44f")]
transform = Transform3D(0.896293, 0, 0.443462, 0, 1, 0, -0.443462, 0, 0.896293, 86.1594, 0, -34.2864)

[node name="Tree 221" parent="Map/Trees" instance=ExtResource("7_2qjcw")]
transform = Transform3D(0.896293, 0, 0.443462, 0, 1, 0, -0.443462, 0, 0.896293, 103.793, 0, -20.5595)

[node name="Tree 222" parent="Map/Trees" instance=ExtResource("6_ei44f")]
transform = Transform3D(0.896293, 0, 0.443462, 0, 1, 0, -0.443462, 0, 0.896293, 101.183, 0, -6.82654)

[node name="Tree 223" parent="Map/Trees" instance=ExtResource("6_ei44f")]
transform = Transform3D(0.896293, 0, 0.443462, 0, 1, 0, -0.443462, 0, 0.896293, 80.4695, 0, -57.1789)

